Tiny #地图名称
3 #关卡数量，下面需要空一行，方便维护
[Tiny:1]
3 #行数
3 #列数
1 #源点个数
1 #目标点个数
110 100 110 #第一行数据，格式[0隐藏1显示，0空1反射2折射，0正常1选择2固定]
100 110 100
100 100 100
1 2 3 1 #原点数据，格式[行号，列号，0左1上2右3下，0左上角1右上角2右下角3左下角]
1 2 2 0 #目标点数据，下面空一行，方便维护
[Tiny:2]
3 #行数
3 #列数
2 #源点个数
2 #目标点个数
100 100 110 #第一行数据，格式[0隐藏1显示，0空1反射2折射，0正常1选择2固定]
100 100 100
110 100 100
1 2 2 1 #原点数据，格式[行号，列号，0左1上2右3下，0左上角1右上角2右下角3左下角]
2 1 3 3
0 1 1 0 #目标点数据，下面空一行，方便维护
1 0 0 0
[Tiny:3]
3 #行数
3 #列数
1 #源点个数
3 #目标点个数
100 100 120 #第一行数据，格式[0隐藏1显示，0空1反射2折射，0正常1选择2固定]
110 100 100
100 100 100
1 0 2 3 #原点数据，格式[行号，列号，0左1上2右3下，0左上角1右上角2右下角3左下角]
1 1 2 0 #目标点数据，下面空一行，方便维护
2 0 2 0
2 2 2 0