Braid #地图名称
10 #关卡数量，下面需要空一行，方便维护
[Braid:1]
4 #行数
3 #列数
2 #源点个数
2 #目标点个数
100 110 100 #第一行数据，格式[0隐藏1显示，0空1反射2折射，0正常1选择2固定]
100 110 100
100 100 100
100 110 100
1 0 3 0 #原点数据，格式[行号，列号，0左1上2右3下，0左上角1右上角2右下角3左下角]
2 0 3 3
2 0 0 0 #目标点数据，下面空一行，方便维护
2 2 2 0
[Braid:2]
5 #行数
4 #列数
2 #源点个数
2 #目标点个数
100 100 100 100 #第一行数据，格式[0隐藏1显示，0空1反射2折射，0正常1选择2固定]
100 100 110 000
100 000 100 100
100 100 110 100
000 110 100 100
1 1 3 0 #原点数据，格式[行号，列号，0左1上2右3下，0左上角1右上角2右下角3左下角]
2 1 3 3
1 2 0 0 #目标点数据，下面空一行，方便维护
3 2 0 0
[Braid:3]
4 #行数
3 #列数
2 #源点个数
2 #目标点个数
100 100 110 #第一行数据，格式[0隐藏1显示，0空1反射2折射，0正常1选择2固定]
110 100 100
100 100 110
100 110 100
0 1 0 0 #原点数据，格式[行号，列号，0左1上2右3下，0左上角1右上角2右下角3左下角]
0 2 0 1
3 0 2 0 #目标点数据，下面空一行，方便维护
3 1 2 0
[Braid:4]
5 #行数
4 #列数
2 #源点个数
3 #目标点个数
100 100 000 100 #第一行数据，格式[0隐藏1显示，0空1反射2折射，0正常1选择2固定]
110 110 100 100
100 100 100 110
100 100 100 100
110 100 000 100
1 0 3 0 #原点数据，格式[行号，列号，0左1上2右3下，0左上角1右上角2右下角3左下角]
2 0 3 3
0 1 1 0 #目标点数据，下面空一行，方便维护
2 1 2 0
4 1 3 0
[Braid:5]
5 #行数
4 #列数
2 #源点个数
2 #目标点个数
100 110 100 110 #第一行数据，格式[0隐藏1显示，0空1反射2折射，0正常1选择2固定]
110 100 100 100
110 000 000 100
100 100 100 110
000 000 100 100
1 1 3 0 #原点数据，格式[行号，列号，0左1上2右3下，0左上角1右上角2右下角3左下角]
2 1 3 3
0 2 1 0 #目标点数据，下面空一行，方便维护
4 2 3 0
[Braid:6]
5 #行数
4 #列数
2 #源点个数
2 #目标点个数
100 100 110 110 #第一行数据，格式[0隐藏1显示，0空1反射2折射，0正常1选择2固定]
110 000 110 100
000 100 100 110
100 110 100 100
000 100 100 110
1 0 3 0 #原点数据，格式[行号，列号，0左1上2右3下，0左上角1右上角2右下角3左下角]
2 0 3 3
0 1 1 0 #目标点数据，下面空一行，方便维护
4 1 3 0
[Braid:7]
5 #行数
4 #列数
2 #源点个数
3 #目标点个数
100 100 100 000 #第一行数据，格式[0隐藏1显示，0空1反射2折射，0正常1选择2固定]
100 110 110 100
100 000 100 100
100 110 110 100
000 100 100 000
1 0 3 0 #原点数据，格式[行号，列号，0左1上2右3下，0左上角1右上角2右下角3左下角]
2 0 3 3
1 0 0 0 #目标点数据，下面空一行，方便维护
3 0 0 0
2 3 0 0
[Braid:8]
6 #行数
4 #列数
2 #源点个数
5 #目标点个数
100 000 110 100 #第一行数据，格式[0隐藏1显示，0空1反射2折射，0正常1选择2固定]
100 100 100 110
100 110 100 100
100 100 100 110
100 110 100 100
100 100 100 100
0 0 2 0 #原点数据，格式[行号，列号，0左1上2右3下，0左上角1右上角2右下角3左下角]
0 1 2 1
0 2 3 0 #目标点数据，下面空一行，方便维护
1 2 3 0
2 2 3 0
3 2 3 0
4 2 3 0
[Braid:9]
3 #行数
4 #列数
2 #源点个数
2 #目标点个数
110 130 100 130 #第一行数据，格式[0隐藏1显示，0空1反射2折射，0正常1选择2固定]
100 100 000 130
110 100 130 110
0 0 3 0 #原点数据，格式[行号，列号，0左1上2右3下，0左上角1右上角2右下角3左下角]
1 0 3 3
0 2 1 0 #目标点数据，下面空一行，方便维护
2 1 3 0
[Braid:10]
5 #行数
4 #列数
2 #源点个数
3 #目标点个数
000 100 110 110 #第一行数据，格式[0隐藏1显示，0空1反射2折射，0正常1选择2固定]
100 100 100 100
100 000 100 000
100 110 110 100
110 100 110 000
0 0 3 0 #原点数据，格式[行号，列号，0左1上2右3下，0左上角1右上角2右下角3左下角]
1 0 3 3
1 2 2 0 #目标点数据，下面空一行，方便维护
3 0 0 0
4 3 1 0
