Mad #地图名称
7 #关卡数量，下面需要空一行，方便维护
[Mad:1]
4 #行数
4 #列数
1 #源点个数
4 #目标点个数
100 100 100 110 #第一行数据，格式[0隐藏1显示，0空1反射2折射，0正常1选择2固定]
100 100 100 100
100 100 100 120
100 100 110 100
3 0 2 3 #原点数据，格式[行号，列号，0左1上2右3下，0左上角1右上角2右下角3左下角]
0 1 1 0 #目标点数据，下面空一行，方便维护
1 1 2 0
2 0 2 0
3 1 2 0
[Mad:2]
4 #行数
4 #列数
1 #源点个数
4 #目标点个数
110 100 100 110 #第一行数据，格式[0隐藏1显示，0空1反射2折射，0正常1选择2固定]
100 100 100 100
000 100 120 000
100 100 110 100
3 0 2 3 #原点数据，格式[行号，列号，0左1上2右3下，0左上角1右上角2右下角3左下角]
0 1 1 0 #目标点数据，下面空一行，方便维护
1 1 2 0
2 0 2 0
3 1 2 0
[Mad:3]
6 #行数
4 #列数
1 #源点个数
5 #目标点个数
100 100 100 000 #第一行数据，格式[0隐藏1显示，0空1反射2折射，0正常1选择2固定]
100 100 110 100
100 110 110 110
100 100 110 000
100 100 100 100
000 100 100 100
2 0 0 0 #原点数据，格式[行号，列号，0左1上2右3下，0左上角1右上角2右下角3左下角]
2 2 0 0 #目标点数据，下面空一行，方便维护
2 2 1 0
2 2 2 0
2 2 3 0
4 2 3 0
[Mad:4]
5 #行数
4 #列数
1 #源点个数
3 #目标点个数
110 100 110 100 #第一行数据，格式[0隐藏1显示，0空1反射2折射，0正常1选择2固定]
110 100 100 100
100 100 100 100
100 100 100 100
100 110 100 110
0 3 3 1 #原点数据，格式[行号，列号，0左1上2右3下，0左上角1右上角2右下角3左下角]
1 1 3 0 #目标点数据，下面空一行，方便维护
1 3 3 0
3 2 3 0
[Mad:5]
6 #行数
4 #列数
2 #源点个数
5 #目标点个数
100 110 100 100 #第一行数据，格式[0隐藏1显示，0空1反射2折射，0正常1选择2固定]
100 100 100 100
100 100 100 100
100 100 100 100
100 110 100 100
100 100 120 100
2 3 3 2 #原点数据，格式[行号，列号，0左1上2右3下，0左上角1右上角2右下角3左下角]
5 3 2 2
0 2 2 0 #目标点数据，下面空一行，方便维护
1 1 3 0
1 3 2 0
3 0 3 0
3 2 2 0
[Mad:6]
5 #行数
5 #列数
2 #源点个数
5 #目标点个数
000 100 110 100 000 #第一行数据，格式[0隐藏1显示，0空1反射2折射，0正常1选择2固定]
110 100 100 100 100
100 110 000 100 100
110 100 100 100 100
000 100 100 110 000
0 0 2 0 #原点数据，格式[行号，列号，0左1上2右3下，0左上角1右上角2右下角3左下角]
1 4 3 2
1 2 2 0 #目标点数据，下面空一行，方便维护
2 2 2 0
3 2 2 0
2 4 3 0
4 0 2 0
[Mad:7]
5 #行数
5 #列数
2 #源点个数
5 #目标点个数
100 100 110 100 110 #第一行数据，格式[0隐藏1显示，0空1反射2折射，0正常1选择2固定]
110 100 100 100 100
100 110 100 100 000
110 100 100 100 100
100 100 100 110 100
0 0 2 0 #原点数据，格式[行号，列号，0左1上2右3下，0左上角1右上角2右下角3左下角]
1 4 3 1
1 2 2 0 #目标点数据，下面空一行，方便维护
2 2 2 0
2 4 3 0
3 2 2 0
4 0 2 0